matrice
4 2 4 2
0 2 1024 512
512 16 4 2
2 2 64 2
matrice
512 16 2 2
64 16 1024 16
512 1024 16 512
512 512 16 2
matrice
64 1024 0 512
4 2 0 0
0 1024 2 2
16 2 0 1024
matrice
512 0 16 2
16 1024 2 16
0 16 2 16
16 16 512 0
matrice
1024 16 0 2
1024 1024 0 2
4 2 0 16
512 2 0 2
matrice
2 64 1024 0
64 16 2 512
0 2 2 0
4 512 2 0
matrice
0 64 0 0
0 16 512 0
0 1024 64 1024
4 0 16 2
matrice
0 16 0 0
0 0 16 512
512 0 16 0
0 64 0 64
matrice
16 16 16 1024
2 1024 0 2
16 0 2 1024
0 64 4 0
matrice
64 2 0 512
2 16 2 2
16 16 64 16
0 0 64 2
matrice
64 0 0 1024
16 0 512 2
64 1024 0 0
16 0 0 1024
matrice
64 4 1024 0
2 0 0 64
64 16 4 1024
512 2 2 0
matrice
0 0 0 1024
2 0 0 2
0 64 16 0
0 0 0 1024
matrice
2 0 16 0
16 0 64 1024
16 0 0 2
2 16 4 64
matrice
0 16 0 4
16 2 1024 2
64 0 16 0
512 512 4 4
matrice
64 16 2 0
0 0 16 0
64 0 0 16
1024 0 16 0
matrice
64 0 1024 2
0 16 2 0
16 0 0 1024
512 0 512 512
matrice
1024 16 16 0
2 2 0 1024
512 16 64 2
1024 0 2 16
matrice
16 4 64 16
1024 16 16 512
512 1024 1024 2
2 2 1024 16
matrice
16 0 0 2
2 0 0 2
64 2 0 16
1024 16 0 0
matrice
512 2 16 512
16 64 2 4
2 16 2 16
2 1024 16 2
matrice
2 2 0 2
16 4 16 2
16 2 512 4
16 0 0 16
matrice
2 2 2 0
2 64 512 2
0 512 16 512
0 1024 0 0
matrice
0 512 1024 64
2 2 0 16
64 16 64 512
1024 0 16 2
matrice
2 64 0 0
64 512 2 2
64 0 16 2
0 0 64 0
matrice
2 64 16 16
1024 64 4 2
16 0 16 2
512 16 64 0
matrice
16 4 0 0
16 16 0 16
4 0 4 64
2 64 2 2
matrice
0 0 16 2
2 64 64 512
0 64 1024 2
0 4 1024 0
matrice
0 2 0 2
2 64 64 4
2 0 64 4
16 4 0 0
matrice
16 16 16 16
0 512 0 16
64 0 64 2
0 1024 512 2
matrice
1024 16 2 16
0 1024 0 512
4 512 4 2
16 0 64 512
matrice
2 2 4 64
2 0 0 2
1024 0 4 2
1024 0 0 2
matrice
64 4 2 2
64 16 16 0
16 64 2 64
0 0 0 4
matrice
1024 0 0 1024
0 16 0 1024
0 0 1024 0
0 64 16 2
matrice
4 16 16 64
16 0 0 0
64 64 0 1024
16 0 64 2
matrice
4 2 16 64
0 1024 16 0
2 2 16 64
0 64 1024 1024
matrice
2 2 1024 2
16 4 2 0
0 2 0 1024
0 512 1024 2
matrice
1024 4 16 4
16 512 2 16
64 512 0 1024
0 2 0 16
matrice
16 16 1024 0
0 4 0 0
16 16 4 4
0 512 0 2
matrice
0 512 64 2
16 16 1024 0
2 0 0 4
1024 0 16 0
matrice
0 0 64 0
0 4 64 0
16 1024 2 4
1024 16 1024 64
matrice
0 0 4 0
16 2 2 16
512 16 16 2
0 2 1024 64
matrice
64 1024 0 16
2 512 2 2
0 0 0 1024
0 0 0 64
matrice
0 16 0 64
2 4 64 0
0 64 512 1024
2 0 2 16
matrice
16 512 0 1024
4 0 16 64
512 16 1024 16
16 2 16 64
matrice
0 64 16 0
16 1024 0 64
16 4 0 0
0 1024 2 2
matrice
16 1024 0 16
0 4 16 2
64 16 2 512
512 0 64 2
matrice
16 2 1024 0
0 2 4 0
0 2 512 0
2 512 512 16
matrice
0 0 64 4
16 0 0 2
2 2 16 1024
1024 0 16 2
matrice
4 2 1024 512
2 0 0 1024
2 512 4 1024
16 1024 64 2
matrice
0 4 4 0
0 16 0 2
4 4 2 64
16 512 4 0
matrice
4 16 2 4
16 512 2 2
16 16 1024 64
2 2 512 0
matrice
4 512 0 2
4 0 512 4
16 16 0 0
0 512 512 64
matrice
0 512 0 1024
0 1024 1024 16
0 4 1024 0
16 0 16 64
matrice
16 512 1024 1024
1024 16 0 0
0 0 64 4
16 16 2 1024
matrice
2 4 0 512
0 0 64 16
64 0 4 0
2 1024 4 4
matrice
512 2 0 512
0 512 16 0
0 0 16 4
512 1024 0 16
matrice
2 2 512 16
0 64 16 16
0 64 16 512
512 2 0 512
matrice
16 64 2 0
1024 64 1024 1024
16 16 2 2
4 1024 512 512
matrice
16 2 0 2
0 2 512 64
0 512 1024 0
0 2 0 16
matrice
16 16 1024 0
16 512 2 0
2 16 0 0
16 64 16 0
matrice
16 2 0 0
2 16 2 64
1024 2 0 1024
2 2 16 4
matrice
0 0 4 0
0 2 1024 512
64 0 0 512
64 0 4 512
matrice
64 64 0 64
512 2 16 512
0 0 0 0
0 16 1024 512
matrice
1024 0 0 0
0 0 0 2
16 0 0 4
16 4 64 512
matrice
0 4 2 0
0 16 1024 2
0 16 1024 1024
2 16 0 512
matrice
512 0 1024 16
4 1024 4 2
16 16 512 0
0 4 16 2
matrice
0 4 2 0
16 16 0 16
16 0 16 1024
2 2 512 512
matrice
2 4 16 1024
0 2 64 1024
2 2 512 16
16 512 0 64
matrice
0 512 0 2
0 2 2 2
4 16 16 64
4 2 2 2
matrice
64 1024 0 0
512 2 64 512
64 64 2 2
4 512 512 1024
matrice
2 64 2 512
16 512 2 1024
512 1024 0 16
2 0 4 4
matrice
2 0 64 2
0 16 1024 2
0 2 16 0
4 0 0 512
matrice
2 2 2 2
0 16 2 2
2 0 0 0
16 0 16 1024
matrice
64 2 16 0
16 64 0 64
0 0 16 2
64 1024 2 1024
matrice
2 0 0 4
16 4 4 4
4 64 1024 0
16 64 512 64
matrice
0 2 0 16
512 0 1024 2
64 512 1024 2
0 0 16 64
matrice
0 512 0 2
4 64 2 64
0 16 512 512
2 16 16 0
matrice
0 0 16 1024
0 16 4 16
2 16 512 0
64 0 4 64
matrice
2 0 1024 0
4 16 512 0
16 64 16 0
512 2 512 1024
matrice
4 2 2 0
16 2 512 16
4 512 1024 0
0 512 16 512
matrice
16 16 64 2
64 0 16 0
0 0 0 1024
0 2 16 16
matrice
16 16 2 512
2 64 0 64
0 2 0 64
0 512 512 16
matrice
4 64 16 64
2 0 2 2
512 2 0 16
16 0 4 0
matrice
0 16 1024 0
512 0 0 0
1024 0 0 0
0 16 64 0
matrice
1024 0 16 16
64 0 0 1024
16 64 4 2
16 1024 0 0
matrice
1024 0 1024 16
512 2 4 16
1024 0 512 1024
2 16 0 0
matrice
0 64 0 4
4 0 512 2
0 16 2 1024
1024 0 16 16
matrice
512 1024 4 2
2 512 2 16
16 0 0 16
0 2 4 16
matrice
2 64 0 2
4 512 2 16
16 4 2 2
64 16 4 512
matrice
512 512 4 512
64 4 2 512
2 2 0 2
64 4 0 2
matrice
16 16 0 64
0 4 0 16
64 1024 0 1024
0 1024 0 2
matrice
0 0 1024 16
1024 2 0 1024
0 0 0 64
512 0 16 64
matrice
16 4 16 0
2 512 0 1024
16 16 16 4
0 512 64 0
matrice
1024 0 2 2
512 512 512 4
0 0 512 64
1024 16 0 16
matrice
512 0 16 64
512 2 1024 1024
0 0 16 1024
0 16 512 16
matrice
0 16 0 2
512 1024 16 0
0 512 16 0
16 16 16 16
matrice
0 64 1024 64
2 0 16 64
4 64 4 2
1024 64 512 2
matrice
0 16 64 16
16 4 0 64
0 64 2 16
16 16 2 2
matrice
0 0 2 16
1024 512 1024 2
2 2 0 512
512 0 64 1024
